9.999966025352478027e-01 4.067250847583636642e-05 -2.607777481898665428e-03 -3.347116056829690933e-03 -4.044722300022840500e-05 1.000000000000000000e+00 8.644268382340669632e-05 -1.392948627471923828e-02 2.607780974358320236e-03 -8.633691322756931186e-05 9.999966025352478027e-01 8.505882620811462402e-01
9.999840259552001953e-01 9.512556425761431456e-05 -5.657239817082881927e-03 -9.490600787103176117e-03 -9.410819620825350285e-05 1.000000000000000000e+00 1.800997561076655984e-04 -2.784077264368534088e-02 5.657257046550512314e-03 -1.795644784579053521e-04 9.999840259552001953e-01 1.704752564430236816e+00
9.999607801437377930e-01 1.543798280181363225e-04 -8.854944258928298950e-03 -1.846423372626304626e-02 -1.519306388217955828e-04 1.000000000000000000e+00 2.772618026938289404e-04 -4.175584018230438232e-02 8.854986168444156647e-03 -2.759055932983756065e-04 9.999607801437377930e-01 2.563635826110839844e+00
9.999211430549621582e-01 2.296893508173525333e-04 -1.256006024777889252e-02 -3.084123693406581879e-02 -2.249162207590416074e-04 9.999999403953552246e-01 3.814360534306615591e-04 -5.555842444300651550e-02 1.256014686077833176e-02 -3.785809676628559828e-04 9.999211430549621582e-01 3.421643972396850586e+00
9.998713135719299316e-01 2.985124301631003618e-04 -1.604359410703182220e-02 -4.609605297446250916e-02 -2.908082969952374697e-04 9.999998807907104492e-01 4.825292271561920643e-04 -6.926035881042480469e-02 1.604373566806316376e-02 -4.778014554176479578e-04 9.998712539672851562e-01 4.278692245483398438e+00
9.998013377189636230e-01 3.804512962233275175e-04 -1.993297040462493896e-02 -6.478030979633331299e-02 -3.688049328047782183e-04 9.999998211860656738e-01 5.879474920220673084e-04 -8.275869488716125488e-02 1.993319019675254822e-02 -5.804792162962257862e-04 9.998012185096740723e-01 5.129878044128417969e+00
9.997157454490661621e-01 4.633620555978268385e-04 -2.384133078157901764e-02 -8.682734519243240356e-02 -4.469355917535722256e-04 9.999997019767761230e-01 6.943139014765620232e-04 -9.619133919477462769e-02 2.384164370596408844e-02 -6.834608502686023712e-04 9.997156262397766113e-01 5.982363700866699219e+00
9.996128678321838379e-01 5.488326423801481724e-04 -2.781966328620910645e-02 -1.123645827174186707e-01 -5.267044180072844028e-04 9.999995827674865723e-01 8.027372532524168491e-04 -1.095817312598228455e-01 2.782008983194828033e-02 -7.877736352384090424e-04 9.996127486228942871e-01 6.837567806243896484e+00
9.994901418685913086e-01 6.387354223988950253e-04 -3.192429244518280029e-02 -1.414209008216857910e-01 -6.099047604948282242e-04 9.999994635581970215e-01 9.128234814852476120e-04 -1.228447929024696350e-01 3.192485496401786804e-02 -8.928871829994022846e-04 9.994900226593017578e-01 7.690945148468017578e+00
9.993515014648437500e-01 7.282520527951419353e-04 -3.600083664059638977e-02 -1.738754212856292725e-01 -6.918982835486531258e-04 9.999992847442626953e-01 1.022250740788877010e-03 -1.359749436378479004e-01 3.600155189633369446e-02 -9.966788347810506821e-04 9.993513226509094238e-01 8.541996002197265625e+00
9.991866946220397949e-01 8.258967427536845207e-04 -4.031529277563095093e-02 -2.097732573747634888e-01 -7.808618247509002686e-04 9.999991059303283691e-01 1.132800709456205368e-03 -1.488364189863204956e-01 4.031618684530258179e-02 -1.100398716516792774e-03 9.991864562034606934e-01 9.383330345153808594e+00
9.990237355232238770e-01 9.092972613871097565e-04 -4.416777938604354858e-02 -2.490577846765518188e-01 -8.553873631171882153e-04 9.999989271163940430e-01 1.239454140886664391e-03 -1.617731302976608276e-01 4.416884854435920715e-02 -1.200463622808456421e-03 9.990234375000000000e-01 1.023344421386718750e+01
9.988459348678588867e-01 9.930768283084034920e-04 -4.801961034536361694e-02 -2.916657328605651855e-01 -9.294826886616647243e-04 9.999987483024597168e-01 1.346647273749113083e-03 -1.746356338262557983e-01 4.802087694406509399e-02 -1.300459844060242176e-03 9.988455772399902344e-01 1.108437347412109375e+01
9.986808300018310547e-01 1.060363836586475372e-03 -5.133738741278648376e-02 -3.369112610816955566e-01 -9.873979724943637848e-04 9.999985694885253906e-01 1.446639420464634895e-03 -1.874421089887619019e-01 5.133884027600288391e-02 -1.394040766172111034e-03 9.986804127693176270e-01 1.193637180328369141e+01
9.985145926475524902e-01 1.122248126193881035e-03 -5.447328090667724609e-02 -3.847588598728179932e-01 -1.039675087668001652e-03 9.999983906745910645e-01 1.544157275930047035e-03 -2.001706510782241821e-01 5.447492003440856934e-02 -1.485229237005114555e-03 9.985141158103942871e-01 1.278838062286376953e+01
9.983308315277099609e-01 1.188683090731501579e-03 -5.774230137467384338e-02 -4.355852305889129639e-01 -1.095554558560252190e-03 9.999981522560119629e-01 1.644456642679870129e-03 -2.128530293703079224e-01 5.774414166808128357e-02 -1.578451949171721935e-03 9.983302950859069824e-01 1.364260578155517578e+01
9.981268644332885742e-01 1.260354532860219479e-03 -6.116511300206184387e-02 -4.899564981460571289e-01 -1.155487028881907463e-03 9.999979138374328613e-01 1.749836141243577003e-03 -2.256087511777877808e-01 6.116718426346778870e-02 -1.675883075222373009e-03 9.981262087821960449e-01 1.450618267059326172e+01
9.979282617568969727e-01 1.324074459262192249e-03 -6.432336568832397461e-02 -5.477684736251831055e-01 -1.207238994538784027e-03 9.999976754188537598e-01 1.855207839980721474e-03 -2.385158240795135498e-01 6.432566046714782715e-02 -1.773710711859166622e-03 9.979274868965148926e-01 1.538327312469482422e+01
9.977796673774719238e-01 1.359876245260238647e-03 -6.658747047185897827e-02 -6.082485914230346680e-01 -1.232611364684998989e-03 9.999974370002746582e-01 1.952287158928811550e-03 -2.516574561595916748e-01 6.658994406461715698e-02 -1.865876023657619953e-03 9.977787733078002930e-01 1.627768898010253906e+01
9.976509809494018555e-01 1.384442439302802086e-03 -6.848881393671035767e-02 -6.707312464714050293e-01 -1.247240463271737099e-03 9.999972581863403320e-01 2.045993227511644363e-03 -2.648455202579498291e-01 6.849145144224166870e-02 -1.955764833837747574e-03 9.976499080657958984e-01 1.717909240722656250e+01
9.975351095199584961e-01 1.401778077706694603e-03 -7.015629112720489502e-02 -7.348745465278625488e-01 -1.254912116564810276e-03 9.999970793724060059e-01 2.137439092621207237e-03 -2.780250012874603271e-01 7.015907019376754761e-02 -2.044130116701126099e-03 9.975338578224182129e-01 1.808439254760742188e+01
9.974364638328552246e-01 1.410473603755235672e-03 -7.154550403356552124e-02 -8.005714416503906250e-01 -1.254383823834359646e-03 9.999969005584716797e-01 2.226566430181264877e-03 -2.912370562553405762e-01 7.154840975999832153e-02 -2.131112385541200638e-03 9.974350333213806152e-01 1.899581909179687500e+01
9.973308444023132324e-01 1.421544933691620827e-03 -7.300242781639099121e-02 -8.679207563400268555e-01 -1.255700015462934971e-03 9.999967217445373535e-01 2.317615551874041557e-03 -3.044320940971374512e-01 7.300546765327453613e-02 -2.219759859144687653e-03 9.973292350769042969e-01 1.991101264953613281e+01
9.972256422042846680e-01 1.431651995517313480e-03 -7.442564517259597778e-02 -9.364563226699829102e-01 -1.255927025340497494e-03 9.999964833259582520e-01 2.407827181741595268e-03 -3.175210058689117432e-01 7.442881911993026733e-02 -2.307673217728734016e-03 9.972238540649414062e-01 2.082473945617675781e+01
9.971289634704589844e-01 1.437658793292939663e-03 -7.570995390415191650e-02 -1.006580591201782227e+00 -1.252156216651201248e-03 9.999962449073791504e-01 2.497584559023380280e-03 -3.306377530097961426e-01 7.571325451135635376e-02 -2.395612653344869614e-03 9.971269965171813965e-01 2.174461746215820312e+01
9.970499277114868164e-01 1.436002319678664207e-03 -7.674361765384674072e-02 -1.078045010566711426e+00 -1.241243444383144379e-03 9.999960660934448242e-01 2.585422480478882790e-03 -3.437919020652770996e-01 7.674702256917953491e-02 -2.482537413015961647e-03 9.970477819442749023e-01 2.267102813720703125e+01
9.969925880432128906e-01 1.425434369593858719e-03 -7.748454064130783081e-02 -1.150885701179504395e+00 -1.222077058628201485e-03 9.999958872795104980e-01 2.671840367838740349e-03 -3.570571541786193848e-01 7.748802006244659424e-02 -2.569112693890929222e-03 9.969902038574218750e-01 2.360813331604003906e+01
9.969429373741149902e-01 1.411897363141179085e-03 -7.812092453241348267e-02 -1.224954962730407715e+00 -1.200034632347524166e-03 9.999957084655761719e-01 2.758861752226948738e-03 -3.703911900520324707e-01 7.812446355819702148e-02 -2.656679600477218628e-03 9.969403147697448730e-01 2.455375289916992188e+01
9.968969225883483887e-01 1.396814594045281410e-03 -7.870665192604064941e-02 -1.299595952033996582e+00 -1.176512683741748333e-03 9.999954700469970703e-01 2.845324575901031494e-03 -3.836541473865509033e-01 7.871024310588836670e-02 -2.743895631283521652e-03 9.968940019607543945e-01 2.549990463256835938e+01
9.968583583831787109e-01 1.378510729409754276e-03 -7.919400185346603394e-02 -1.374290227890014648e+00 -1.150129246525466442e-03 9.999952912330627441e-01 2.929359441623091698e-03 -3.967639505863189697e-01 7.919763773679733276e-02 -2.829072996973991394e-03 9.968551397323608398e-01 2.644167137145996094e+01
9.968172311782836914e-01 1.361288945190608501e-03 -7.971119135618209839e-02 -1.449891328811645508e+00 -1.124522532336413860e-03 9.999950528144836426e-01 3.015113994479179382e-03 -4.098791182041168213e-01 7.971487194299697876e-02 -2.915880177170038223e-03 9.968136548995971680e-01 2.738843917846679688e+01
9.967539310455322266e-01 1.352879102341830730e-03 -8.049917221069335938e-02 -1.528508782386779785e+00 -1.105946954339742661e-03 9.999947547912597656e-01 3.112015081569552422e-03 -4.233684539794921875e-01 8.050293475389480591e-02 -3.012885106727480888e-03 9.967500567436218262e-01 2.836212158203125000e+01
9.966885447502136230e-01 1.345143886283040047e-03 -8.130512386560440063e-02 -1.608254671096801758e+00 -1.087721437215805054e-03 9.999944567680358887e-01 3.210333641618490219e-03 -4.368352890014648438e-01 8.130897581577301025e-02 -3.111264901235699654e-03 9.966843724250793457e-01 2.933993148803710938e+01
9.966096878051757812e-01 1.342320698313415051e-03 -8.226607739925384521e-02 -1.688303709030151367e+00 -1.073774881660938263e-03 9.999941587448120117e-01 3.308507613837718964e-03 -4.500511288642883301e-01 8.227002620697021484e-02 -3.208955051377415657e-03 9.966052174568176270e-01 3.030892372131347656e+01
9.965202212333679199e-01 1.343405339866876602e-03 -8.334276825189590454e-02 -1.770229816436767578e+00 -1.062839874066412449e-03 9.999938607215881348e-01 3.410676028579473495e-03 -4.633268117904663086e-01 8.334682136774063110e-02 -3.310227300971746445e-03 9.965154528617858887e-01 3.128713798522949219e+01
9.964472651481628418e-01 1.338664093054831028e-03 -8.421047031879425049e-02 -1.855813622474670410e+00 -1.046045217663049698e-03 9.999935030937194824e-01 3.518875455483794212e-03 -4.771113097667694092e-01 8.421461284160614014e-02 -3.418285632506012917e-03 9.964421391487121582e-01 3.230009460449218750e+01
9.963757395744323730e-01 1.333370455540716648e-03 -8.505227416753768921e-02 -1.942758798599243164e+00 -1.028509461320936680e-03 9.999931454658508301e-01 3.628110978752374649e-03 -4.908890724182128906e-01 8.505649864673614502e-02 -3.527484601363539696e-03 9.963702559471130371e-01 3.331885147094726562e+01
9.962860941886901855e-01 1.334699220024049282e-03 -8.609606325626373291e-02 -2.030827999114990234e+00 -1.016486552543938160e-03 9.999927282333374023e-01 3.739750012755393982e-03 -5.045369863510131836e-01 8.610040694475173950e-02 -3.638345282524824142e-03 9.962801933288574219e-01 3.433685302734375000e+01
9.961543083190917969e-01 1.351396553218364716e-03 -8.760781586170196533e-02 -2.121461629867553711e+00 -1.017159782350063324e-03 9.999922513961791992e-01 3.859674558043479919e-03 -5.182075500488281250e-01 8.761233091354370117e-02 -3.755720099434256554e-03 9.961479902267456055e-01 3.536343002319335938e+01
9.960409402847290039e-01 1.360946451313793659e-03 -8.888708055019378662e-02 -2.214474916458129883e+00 -1.011113403365015984e-03 9.999917745590209961e-01 3.980607260018587112e-03 -5.320191979408264160e-01 8.889173716306686401e-02 -3.874972928315401077e-03 9.960341453552246094e-01 3.640445709228515625e+01
9.959554672241210938e-01 1.360106980428099632e-03 -8.983920514583587646e-02 -2.308334112167358398e+00 -9.960220195353031158e-04 9.999912977218627930e-01 4.097334574908018112e-03 -5.457205772399902344e-01 8.984395861625671387e-02 -3.991281613707542419e-03 9.959481954574584961e-01 3.744572067260742188e+01
9.958934187889099121e-01 1.350516336970031261e-03 -9.052392840385437012e-02 -2.402619123458862305e+00 -9.733311599120497704e-04 9.999908804893493652e-01 4.210705403238534927e-03 -5.592901706695556641e-01 9.052874892950057983e-02 -4.105304833501577377e-03 9.958856701850891113e-01 3.848582077026367188e+01
9.958367943763732910e-01 1.338995760306715965e-03 -9.114505350589752197e-02 -2.497158527374267578e+00 -9.490228258073329926e-04 9.999904632568359375e-01 4.321800544857978821e-03 -5.726631283760070801e-01 9.114992618560791016e-02 -4.217310342937707901e-03 9.958285093307495117e-01 3.952127075195312500e+01
9.957864284515380859e-01 1.325304387137293816e-03 -9.169362485408782959e-02 -2.591978788375854492e+00 -9.229066781699657440e-04 9.999900460243225098e-01 4.430762957781553268e-03 -5.858638286590576172e-01 9.169854223728179932e-02 -4.327470436692237854e-03 9.957776069641113281e-01 4.055328369140625000e+01
9.957289695739746094e-01 1.313917222432792187e-03 -9.231535345315933228e-02 -2.687107563018798828e+00 -8.986821630969643593e-04 9.999895691871643066e-01 4.539430607110261917e-03 -5.988740921020507812e-01 9.232031553983688354e-02 -4.437081981450319290e-03 9.957196712493896484e-01 4.158081817626953125e+01
9.956513643264770508e-01 1.309173065237700939e-03 -9.314835816621780396e-02 -2.782081842422485352e+00 -8.800597861409187317e-04 9.999890923500061035e-01 4.647698719054460526e-03 -6.115638613700866699e-01 9.315338730812072754e-02 -4.545513074845075607e-03 9.956415891647338867e-01 4.259614944458007812e+01
9.955571889877319336e-01 1.309395418502390385e-03 -9.414966404438018799e-02 -2.875653743743896484e+00 -8.659087470732629299e-04 9.999886155128479004e-01 4.751140251755714417e-03 -6.237006783485412598e-01 9.415477514266967773e-02 -4.648508504033088684e-03 9.955469369888305664e-01 4.358442687988281250e+01
9.954521656036376953e-01 1.312630018219351768e-03 -9.525392949581146240e-02 -2.968655586242675781e+00 -8.543783915229141712e-04 9.999881386756896973e-01 4.851465113461017609e-03 -6.354500055313110352e-01 9.525912255048751831e-02 -4.748020321130752563e-03 9.954414367675781250e-01 4.455466461181640625e+01
9.953835606575012207e-01 1.303962431848049164e-03 -9.596800059080123901e-02 -3.064700365066528320e+00 -8.324251393787562847e-04 9.999876618385314941e-01 4.953354131430387497e-03 -6.475303173065185547e-01 9.597323089838027954e-02 -4.850602708756923676e-03 9.953723549842834473e-01 4.555139923095703125e+01
9.953302741050720215e-01 1.290085376240313053e-03 -9.651955962181091309e-02 -3.161074638366699219e+00 -8.061337284743785858e-04 9.999871850013732910e-01 5.052850581705570221e-03 -6.594941616058349609e-01 9.652480483055114746e-02 -4.951449111104011536e-03 9.953185319900512695e-01 4.654683685302734375e+01
9.952831268310546875e-01 1.274130307137966156e-03 -9.700491279363632202e-02 -3.258162498474121094e+00 -7.779813022352755070e-04 9.999867081642150879e-01 5.152327939867973328e-03 -6.714057326316833496e-01 9.701014310121536255e-02 -5.052558612078428268e-03 9.952708482742309570e-01 4.754507827758789062e+01
9.952341914176940918e-01 1.258599455468356609e-03 -9.750631451606750488e-02 -3.355197906494140625e+00 -7.501947111450135708e-04 9.999862313270568848e-01 5.250553134828805923e-03 -6.831277012825012207e-01 9.751153737306594849e-02 -5.152382422238588333e-03 9.952213764190673828e-01 4.853753280639648438e+01
9.951717257499694824e-01 1.247224048711359501e-03 -9.814170747995376587e-02 -3.451676845550537109e+00 -7.259385311044752598e-04 9.999857544898986816e-01 5.347086116671562195e-03 -6.945492625236511230e-01 9.814693778753280640e-02 -5.250025540590286255e-03 9.951584339141845703e-01 4.951701354980468750e+01
9.951163530349731445e-01 1.233793213032186031e-03 -9.870128333568572998e-02 -3.549983263015747070e+00 -6.996663869358599186e-04 9.999852180480957031e-01 5.445976741611957550e-03 -7.060805559158325195e-01 9.870650619268417358e-02 -5.350324325263500214e-03 9.951025247573852539e-01 5.050972366333007812e+01
9.950843453407287598e-01 1.213155454024672508e-03 -9.902379661798477173e-02 -3.650022745132446289e+00 -6.672744057141244411e-04 9.999846816062927246e-01 5.545555613934993744e-03 -7.177525758743286133e-01 9.902896732091903687e-02 -5.452221725136041641e-03 9.950699210166931152e-01 5.151753234863281250e+01
9.950534105300903320e-01 1.191916991956532001e-03 -9.933450818061828613e-02 -3.748754739761352539e+00 -6.347317248582839966e-04 9.999842047691345215e-01 5.640593823045492172e-03 -7.290738821029663086e-01 9.933961182832717896e-02 -5.549643188714981079e-03 9.950383901596069336e-01 5.250896072387695312e+01
9.950228333473205566e-01 1.170128700323402882e-03 -9.964063763618469238e-02 -3.846308231353759766e+00 -6.019620923325419426e-04 9.999837279319763184e-01 5.732028745114803314e-03 -7.400848865509033203e-01 9.964566677808761597e-02 -5.643521435558795929e-03 9.950072765350341797e-01 5.348585891723632812e+01
9.949896931648254395e-01 1.148742507211863995e-03 -9.997128695249557495e-02 -3.941831827163696289e+00 -5.699971807189285755e-04 9.999832510948181152e-01 5.817483179271221161e-03 -7.506610155105590820e-01 9.997623413801193237e-02 -5.731354467570781708e-03 9.949735999107360840e-01 5.443906402587890625e+01
9.949719905853271484e-01 1.122256624512374401e-03 -1.001481711864471436e-01 -4.036441802978515625e+00 -5.342353833839297295e-04 9.999827742576599121e-01 5.898135248571634293e-03 -7.610158324241638184e-01 1.001529991626739502e-01 -5.814978387206792831e-03 9.949553608894348145e-01 5.538214111328125000e+01
9.949640631675720215e-01 1.092657330445945263e-03 -1.002271696925163269e-01 -4.131116390228271484e+00 -4.960210062563419342e-04 9.999822974205017090e-01 5.977564491331577301e-03 -7.713018655776977539e-01 1.002318635582923889e-01 -5.897748749703168869e-03 9.949468970298767090e-01 5.632556152343750000e+01
9.949702024459838867e-01 1.058675814419984818e-03 -1.001667082309722900e-01 -4.226019859313964844e+00 -4.543216200545430183e-04 9.999818205833435059e-01 6.056099198758602142e-03 -7.815663814544677734e-01 1.001712456345558167e-01 -5.980132147669792175e-03 9.949524998664855957e-01 5.727254486083984375e+01
9.949285387992858887e-01 1.039719674736261368e-03 -1.005800664424896240e-01 -4.320711135864257812e+00 -4.244380979798734188e-04 9.999813437461853027e-01 6.138533819466829300e-03 -7.916235923767089844e-01 1.005845218896865845e-01 -6.064713932573795319e-03 9.949103593826293945e-01 5.821095275878906250e+01
9.948571920394897461e-01 1.029749051667749882e-03 -1.012835428118705750e-01 -4.415060043334960938e+00 -4.016191815026104450e-04 9.999808669090270996e-01 6.221889518201351166e-03 -8.014407753944396973e-01 1.012879610061645508e-01 -6.149215623736381531e-03 9.948385357856750488e-01 5.913801956176757812e+01
9.947486519813537598e-01 1.031030435115098953e-03 -1.023435294628143311e-01 -4.509292602539062500e+00 -3.876198024954646826e-04 9.999803304672241211e-01 6.306458730250597000e-03 -8.109973073005676270e-01 1.023479774594306946e-01 -6.233673077076673508e-03 9.947294592857360840e-01 6.005213165283203125e+01
9.946445226669311523e-01 1.030475832521915436e-03 -1.033501997590065002e-01 -4.603090286254882812e+00 -3.723931149579584599e-04 9.999798536300659180e-01 6.386591587215662003e-03 -8.203006982803344727e-01 1.033546626567840576e-01 -6.313904188573360443e-03 9.946248531341552734e-01 6.095275497436523438e+01
9.945371747016906738e-01 1.030874787829816341e-03 -1.043781116604804993e-01 -4.698487758636474609e+00 -3.576224553398787975e-04 9.999793171882629395e-01 6.468635052442550659e-03 -8.296133875846862793e-01 1.043825820088386536e-01 -6.395973265171051025e-03 9.945169687271118164e-01 6.185961914062500000e+01
9.944236278533935547e-01 1.032978761941194534e-03 -1.054542586207389832e-01 -4.795314788818359375e+00 -3.438803832978010178e-04 9.999787807464599609e-01 6.552540697157382965e-03 -8.389059305191040039e-01 1.054587513208389282e-01 -6.479740608483552933e-03 9.944028854370117188e-01 6.277065658569335938e+01
9.943060874938964844e-01 1.035841996781527996e-03 -1.065568849444389343e-01 -4.892221927642822266e+00 -3.307652077637612820e-04 9.999782443046569824e-01 6.634361110627651215e-03 -8.480041027069091797e-01 1.065614074468612671e-01 -6.561343092471361160e-03 9.942848086357116699e-01 6.367256164550781250e+01
9.941802024841308594e-01 1.040345407091081142e-03 -1.077247709035873413e-01 -4.987736701965332031e+00 -3.192723088432103395e-04 9.999777674674987793e-01 6.710686720907688141e-03 -8.567273616790771484e-01 1.077293306589126587e-01 -6.637241691350936890e-03 9.941584467887878418e-01 6.455074310302734375e+01
9.940876364707946777e-01 1.034104614518582821e-03 -1.085755750536918640e-01 -5.081290721893310547e+00 -3.001549921464174986e-04 9.999773502349853516e-01 6.775924470275640488e-03 -8.650927543640136719e-01 1.085800901055335999e-01 -6.703276652842760086e-03 9.940654635429382324e-01 6.540456390380859375e+01
9.939657449722290039e-01 1.036235364153981209e-03 -1.096858233213424683e-01 -5.175856113433837891e+00 -2.871910401154309511e-04 9.999768733978271484e-01 6.844571325927972794e-03 -8.733885884284973145e-01 1.096903383731842041e-01 -6.771772168576717377e-03 9.939430952072143555e-01 6.625769805908203125e+01
9.938363432884216309e-01 1.040133531205356121e-03 -1.108518242835998535e-01 -5.270921230316162109e+00 -2.755286695901304483e-04 9.999763965606689453e-01 6.912630051374435425e-03 -8.815662860870361328e-01 1.108563542366027832e-01 -6.839483976364135742e-03 9.938132166862487793e-01 6.710588836669921875e+01
9.937055110931396484e-01 1.043884316459298134e-03 -1.120183542370796204e-01 -5.365136146545410156e+00 -2.641075116116553545e-04 9.999759793281555176e-01 6.975759752094745636e-03 -8.894848227500915527e-01 1.120228990912437439e-01 -6.902270484715700150e-03 9.936819672584533691e-01 6.793695831298828125e+01
9.935311675071716309e-01 1.059576985426247120e-03 -1.135539188981056213e-01 -5.460270881652832031e+00 -2.615289704408496618e-04 9.999755024909973145e-01 7.042583078145980835e-03 -8.972842693328857422e-01 1.135585531592369080e-01 -6.967332679778337479e-03 9.935071468353271484e-01 6.876297760009765625e+01
9.933038353919982910e-01 1.089367317035794258e-03 -1.155256852507591248e-01 -5.554721355438232422e+00 -2.699110191315412521e-04 9.999750256538391113e-01 7.108683232218027115e-03 -9.047593474388122559e-01 1.155304983258247375e-01 -7.029904983937740326e-03 9.932793378829956055e-01 6.956620788574218750e+01
9.930409789085388184e-01 1.127889379858970642e-03 -1.177626103162765503e-01 -5.649178504943847656e+00 -2.850863384082913399e-04 9.999745488166809082e-01 7.173391059041023254e-03 -9.119881987571716309e-01 1.177676543593406677e-01 -7.089904043823480606e-03 9.930161237716674805e-01 7.035247039794921875e+01
9.927335977554321289e-01 1.177189988084137440e-03 -1.203254461288452148e-01 -5.744604587554931641e+00 -3.082822076976299286e-04 9.999740719795227051e-01 7.239669095724821091e-03 -9.190471172332763672e-01 1.203307956457138062e-01 -7.149973884224891663e-03 9.927083253860473633e-01 7.112831115722656250e+01
9.924275279045104980e-01 1.224603271111845970e-03 -1.228236928582191467e-01 -5.839354991912841797e+00 -3.306544967927038670e-04 9.999736547470092773e-01 7.298424374312162399e-03 -9.258286356925964355e-01 1.228293329477310181e-01 -7.202550303190946579e-03 9.924018979072570801e-01 7.188260650634765625e+01
9.923107028007507324e-01 1.221821876242756844e-03 -1.237637475132942200e-01 -5.928915500640869141e+00 -3.182230284437537193e-04 9.999734759330749512e-01 7.320498116314411163e-03 -9.321672320365905762e-01 1.237693503499031067e-01 -7.224830333143472672e-03 9.922848939895629883e-01 7.259476470947265625e+01
9.922075867652893066e-01 1.215549651533365250e-03 -1.245877593755722046e-01 -6.017162799835205078e+00 -3.039586008526384830e-04 9.999733567237854004e-01 7.335601374506950378e-03 -9.383448362350463867e-01 1.245932951569557190e-01 -7.240575738251209259e-03 9.921816587448120117e-01 7.329211425781250000e+01
9.920671582221984863e-01 1.218816498294472694e-03 -1.257009804248809814e-01 -6.105344295501708984e+00 -2.969757188111543655e-04 9.999732375144958496e-01 7.352073676884174347e-03 -9.444291591644287109e-01 1.257065236568450928e-01 -7.256426848471164703e-03 9.920411109924316406e-01 7.398164367675781250e+01
9.919255971908569336e-01 1.222208025865256786e-03 -1.268128901720046997e-01 -6.193131446838378906e+00 -2.905283181462436914e-04 9.999731183052062988e-01 7.365114986896514893e-03 -9.504122734069824219e-01 1.268184185028076172e-01 -7.268810179084539413e-03 9.918994307518005371e-01 7.466192626953125000e+01
9.917999505996704102e-01 1.221612095832824707e-03 -1.277917176485061646e-01 -6.278603553771972656e+00 -2.823693212121725082e-04 9.999731183052062988e-01 7.367646787315607071e-03 -9.561701416969299316e-01 1.277972161769866943e-01 -7.271153852343559265e-03 9.917737841606140137e-01 7.531948852539062500e+01
9.917363524436950684e-01 1.206002430990338326e-03 -1.282842755317687988e-01 -6.358908176422119141e+00 -2.656546421349048615e-04 9.999732971191406250e-01 7.347039878368377686e-03 -9.615592360496520996e-01 1.282896399497985840e-01 -7.252254523336887360e-03 9.917103648185729980e-01 7.593689727783203125e+01
9.918420910835266113e-01 1.148030394688248634e-03 -1.274643391370773315e-01 -6.436828136444091797e+00 -2.188990038121119142e-04 9.999736547470092773e-01 7.303107529878616333e-03 -9.668962359428405762e-01 1.274692863225936890e-01 -7.215635385364294052e-03 9.918164014816284180e-01 7.654467773437500000e+01
9.921320676803588867e-01 1.043571275658905506e-03 -1.251880526542663574e-01 -6.509878158569335938e+00 -1.396729639964178205e-04 9.999741911888122559e-01 7.228878792375326157e-03 -9.720893502235412598e-01 1.251922994852066040e-01 -7.154525257647037506e-03 9.921068549156188965e-01 7.713115692138671875e+01
9.926025867462158203e-01 8.911794284358620644e-04 -1.214019358158111572e-01 -6.578010082244873047e+00 -2.617252175696194172e-05 9.999749660491943359e-01 7.126551121473312378e-03 -9.772118330001831055e-01 1.214051842689514160e-01 -7.070663850754499435e-03 9.925780296325683594e-01 7.770253753662109375e+01
9.931878447532653809e-01 7.045454112812876701e-04 -1.165187805891036987e-01 -6.641337394714355469e+00 1.123474285122938454e-04 9.999758601188659668e-01 7.004101760685443878e-03 -9.823040962219238281e-01 1.165208294987678528e-01 -6.969487294554710388e-03 9.931640028953552246e-01 7.826253509521484375e+01
9.938378334045410156e-01 4.936161567457020283e-04 -1.108393371105194092e-01 -6.699831962585449219e+00 2.691602858249098063e-04 9.999768137931823730e-01 6.866743322461843491e-03 -9.873832464218139648e-01 1.108400896191596985e-01 -6.854270584881305695e-03 9.938148260116577148e-01 7.881259918212890625e+01
9.945309758186340332e-01 2.609088551253080368e-04 -1.044382452964782715e-01 -6.753778457641601562e+00 4.431451961863785982e-04 9.999777674674987793e-01 6.718070711940526962e-03 -9.924969077110290527e-01 1.044376045465469360e-01 -6.727618630975484848e-03 9.945088624954223633e-01 7.935742950439453125e+01
9.952550530433654785e-01 6.122892955318093300e-06 -9.729678183794021606e-02 -6.802795886993408203e+00 6.349841132760047913e-04 9.999787807464599609e-01 6.558210588991641998e-03 -9.976480603218078613e-01 9.729468077421188354e-02 -6.588881835341453552e-03 9.952340126037597656e-01 7.989684295654296875e+01
9.960026144981384277e-01 -2.726739621721208096e-04 -8.931948989629745483e-02 -6.845122814178466797e+00 8.458759402856230736e-04 9.999797940254211426e-01 6.379627157002687454e-03 -1.002715706825256348e+00 8.931586891412734985e-02 -6.429686676710844040e-03 9.959827661514282227e-01 8.041738891601562500e+01
9.970968961715698242e-01 -7.094414904713630676e-04 -7.613512873649597168e-02 -6.875350952148437500e+00 1.179319107905030251e-03 9.999810457229614258e-01 6.126819644123315811e-03 -1.007692575454711914e+00 7.612926512956619263e-02 -6.198828108608722687e-03 9.970788359642028809e-01 8.091198730468750000e+01
9.982388615608215332e-01 -1.252507325261831284e-03 -5.930402502417564392e-02 -6.894217967987060547e+00 1.601202413439750671e-03 9.999822378158569336e-01 5.832592025399208069e-03 -1.012720704078674316e+00 5.929559469223022461e-02 -5.917285569012165070e-03 9.982231259346008301e-01 8.139548492431640625e+01
9.993430376052856445e-01 -1.974465791136026382e-03 -3.617899492383003235e-02 -6.896340847015380859e+00 2.173655899241566658e-03 9.999832510948181152e-01 5.467093084007501602e-03 -1.017641544342041016e+00 3.616752475500106812e-02 -5.542150232940912247e-03 9.993305802345275879e-01 8.184864044189453125e+01
9.999598860740661621e-01 -2.820834983140230179e-03 -8.452397771179676056e-03 -6.883001327514648438e+00 2.863821806386113167e-03 9.999835491180419922e-01 5.077565088868141174e-03 -1.022760510444641113e+00 8.437866345047950745e-03 -5.101575981825590134e-03 9.999516010284423828e-01 8.230327606201171875e+01
9.997811913490295410e-01 -3.691428806632757187e-03 2.056666091084480286e-02 -6.855661869049072266e+00 3.595541231334209442e-03 9.999830126762390137e-01 4.697511903941631317e-03 -1.028030276298522949e+00 -2.058372646570205688e-02 -4.622544627636671066e-03 9.997776150703430176e-01 8.275624084472656250e+01
9.984942078590393066e-01 -4.690015688538551331e-03 5.464629828929901123e-02 -6.809780597686767578e+00 4.461293108761310577e-03 9.999812841415405273e-01 4.306832794100046158e-03 -1.033435463905334473e+00 -5.466555431485176086e-02 -4.056563600897789001e-03 9.984966516494750977e-01 8.320541381835937500e+01
9.956956505775451660e-01 -5.771864205598831177e-03 9.249649196863174438e-02 -6.745265483856201172e+00 5.432366393506526947e-03 9.999780058860778809e-01 3.921803552657365799e-03 -1.038861155509948730e+00 -9.251718223094940186e-02 -3.402457572519779205e-03 9.957054257392883301e-01 8.364146423339843750e+01
9.912609457969665527e-01 -6.869182921946048737e-03 1.317318975925445557e-01 -6.662537574768066406e+00 6.455207709223031998e-03 9.999732375144958496e-01 3.569393651559948921e-03 -1.044419765472412109e+00 -1.317529976367950439e-01 -2.687852829694747925e-03 9.912790656089782715e-01 8.407506561279296875e+01
9.847469329833984375e-01 -8.012158796191215515e-03 1.738049089908599854e-01 -6.562743186950683594e+00 7.564516272395849228e-03 9.999666213989257812e-01 3.237860742956399918e-03 -1.049818634986877441e+00 -1.738251745700836182e-01 -1.873731845989823341e-03 9.847748279571533203e-01 8.448287200927734375e+01
9.749074578285217285e-01 -9.292826056480407715e-03 2.224140316247940063e-01 -6.440721988677978516e+00 8.859692141413688660e-03 9.999568462371826172e-01 2.945156767964363098e-03 -1.055110692977905273e+00 -2.224319428205490112e-01 -9.007435292005538940e-04 9.749478697776794434e-01 8.487259674072265625e+01
9.602907896041870117e-01 -1.073007192462682724e-02 2.787927687168121338e-01 -6.292539119720458984e+00 1.038020662963390350e-02 9.999428987503051758e-01 2.731207758188247681e-03 -1.060268998146057129e+00 -2.788062989711761475e-01 2.711655106395483017e-04 9.603474140167236328e-01 8.524680328369140625e+01
9.425327777862548828e-01 -1.208577491343021393e-02 3.338935971260070801e-01 -6.125113964080810547e+00 1.190068293362855911e-02 9.999263286590576172e-01 2.599926199764013290e-03 -1.065347552299499512e+00 -3.339005410671234131e-01 1.523039187304675579e-03 9.426072239875793457e-01 8.560580444335937500e+01
9.204901456832885742e-01 -1.342976558953523636e-02 3.905335962772369385e-01 -5.935203075408935547e+00 1.349696703255176544e-02 9.999061226844787598e-01 2.572575584053993225e-03 -1.070300936698913574e+00 -3.905316293239593506e-01 2.902981825172901154e-03 9.205850958824157715e-01 8.595084381103515625e+01
8.942656517028808594e-01 -1.472413353621959686e-02 4.472930133342742920e-01 -5.722420692443847656e+00 1.513444352895021439e-02 9.998824596405029297e-01 2.656392985954880714e-03 -1.075145006179809570e+00 -4.472796618938446045e-01 4.394003190100193024e-03 8.943834900856018066e-01 8.628410339355468750e+01
8.646151423454284668e-01 -1.592058874666690826e-02 5.021811723709106445e-01 -5.488770961761474609e+00 1.676016673445701599e-02 9.998559951782226562e-01 2.841995097696781158e-03 -1.079864859580993652e+00 -5.021542310714721680e-01 5.959402304142713547e-03 8.647576570510864258e-01 8.660449218750000000e+01
8.322603702545166016e-01 -1.699937693774700165e-02 5.541230440139770508e-01 -5.232957363128662109e+00 1.834410056471824646e-02 9.998273253440856934e-01 3.120907582342624664e-03 -1.084517359733581543e+00 -5.540804862976074219e-01 7.567475549876689911e-03 8.324287533760070801e-01 8.691641998291015625e+01
7.987142205238342285e-01 -1.791822910308837891e-02 6.014426350593566895e-01 -4.965620517730712891e+00 1.983088627457618713e-02 9.997978806495666504e-01 3.450686112046241760e-03 -1.088953137397766113e+00 -6.013828516006469727e-01 9.171021170914173126e-03 7.989084124565124512e-01 8.720818328857421875e+01
7.628995180130004883e-01 -1.872562430799007416e-02 6.462447643280029297e-01 -4.688588142395019531e+00 2.127878740429878235e-02 9.997666478157043457e-01 3.849420230835676193e-03 -1.093072533607482910e+00 -6.461660265922546387e-01 1.081457827240228653e-02 7.631202936172485352e-01 8.747637939453125000e+01
7.228644490242004395e-01 -1.946557499468326569e-02 6.907146573066711426e-01 -4.402295589447021484e+00 2.275585941970348358e-02 9.997319579124450684e-01 4.359178710728883743e-03 -1.096766233444213867e+00 -6.906144022941589355e-01 1.256670430302619934e-02 7.231140136718750000e-01 8.771794128417968750e+01
6.793586611747741699e-01 -2.011674642562866211e-02 7.335295677185058594e-01 -4.099747180938720703e+00 2.422692812979221344e-02 9.996944665908813477e-01 4.978420678526163101e-03 -1.100163936614990234e+00 -7.334056496620178223e-01 1.438902970403432846e-02 6.796389222145080566e-01 8.794247436523437500e+01
6.338466405868530273e-01 -2.064348384737968445e-02 7.731822133064270020e-01 -3.788594007492065430e+00 2.564178034663200378e-02 9.996554851531982422e-01 5.669306032359600067e-03 -1.103209018707275391e+00 -7.730329632759094238e-01 1.623229496181011200e-02 6.341580152511596680e-01 8.814505004882812500e+01
5.861622095108032227e-01 -2.106063254177570343e-02 8.099189400672912598e-01 -3.461642265319824219e+00 2.701004222035408020e-02 9.996147155761718750e-01 6.445388775318861008e-03 -1.105965852737426758e+00 -8.097428083419799805e-01 1.809789985418319702e-02 5.865056514739990234e-01 8.833203125000000000e+01
5.360973477363586426e-01 -2.137119509279727936e-02 8.438846468925476074e-01 -3.119515180587768555e+00 2.833609096705913544e-02 9.995720386505126953e-01 7.312772795557975769e-03 -1.108381509780883789e+00 -8.436799645423889160e-01 1.999203115701675415e-02 5.364738702774047852e-01 8.850179290771484375e+01
4.869745969772338867e-01 -2.154924161732196808e-02 8.731493949890136719e-01 -2.764285802841186523e+00 2.954521775245666504e-02 9.995301961898803711e-01 8.190281689167022705e-03 -1.110543370246887207e+00 -8.729158639907836914e-01 2.180892787873744965e-02 4.873828589916229248e-01 8.865682983398437500e+01
4.436357319355010986e-01 -2.157354168593883514e-02 8.959466814994812012e-01 -2.417361497879028320e+00 3.054796345531940460e-02 9.994936585426330566e-01 8.940757252275943756e-03 -1.112465977668762207e+00 -8.956860899925231934e-01 2.340290509164333344e-02 4.440704584121704102e-01 8.879190063476562500e+01
4.035889506340026855e-01 -2.150529809296131134e-02 9.146867990493774414e-01 -2.067884683609008789e+00 3.142710775136947632e-02 9.994599819183349609e-01 9.631759487092494965e-03 -1.114189386367797852e+00 -9.144002795219421387e-01 2.485868893563747406e-02 4.040471315383911133e-01 8.891336059570312500e+01
3.684287965297698975e-01 -2.136867679655551910e-02 9.294095039367675781e-01 -1.711039185523986816e+00 3.216844424605369568e-02 9.994304776191711426e-01 1.022661942988634109e-02 -1.115819811820983887e+00 -9.290989637374877930e-01 2.612987905740737915e-02 3.689066469669342041e-01 8.902703094482421875e+01
3.368208706378936768e-01 -2.119571156799793243e-02 9.413293600082397461e-01 -1.335006237030029297e+00 3.281374648213386536e-02 9.994038939476013184e-01 1.076213549822568893e-02 -1.117405295372009277e+00 -9.409964680671691895e-01 2.726363204419612885e-02 3.373158872127532959e-01 8.913771057128906250e+01
3.078572750091552734e-01 -2.099586650729179382e-02 9.512000679969787598e-01 -9.455444216728210449e-01 3.338754549622535706e-02 9.993795156478881836e-01 1.125339418649673462e-02 -1.118897199630737305e+00 -9.508462548255920410e-01 2.829380333423614502e-02 3.083675205707550049e-01 8.924263763427734375e+01
2.807563841342926025e-01 -2.076913230121135712e-02 9.595535397529602051e-01 -5.542746782302856445e-01 3.390786796808242798e-02 9.993567466735839844e-01 1.170951873064041138e-02 -1.120233416557312012e+00 -9.591796398162841797e-01 2.924890257418155670e-02 2.812803089618682861e-01 8.933770751953125000e+01
2.552151679992675781e-01 -2.052374556660652161e-02 9.666656255722045898e-01 -1.571305692195892334e-01 3.438470512628555298e-02 9.993353486061096191e-01 1.213924773037433624e-02 -1.121434926986694336e+00 -9.662724733352661133e-01 3.014040365815162659e-02 2.557515501976013184e-01 8.942459106445312500e+01
2.317238003015518188e-01 -2.026997320353984833e-02 9.725695848464965820e-01 2.495460361242294312e-01 3.481395542621612549e-02 9.993155598640441895e-01 1.253264304250478745e-02 -1.122535943984985352e+00 -9.721581935882568359e-01 3.095489554107189178e-02 2.322711944580078125e-01 8.950535583496093750e+01
2.090658992528915405e-01 -1.999757625162601471e-02 9.776961803436279297e-01 6.515145301818847656e-01 3.521689027547836304e-02 9.992966055870056152e-01 1.290876511484384537e-02 -1.123473286628723145e+00 -9.772669076919555664e-01 3.173265233635902405e-02 2.096234112977981567e-01 8.957580566406250000e+01
1.867803782224655151e-01 -1.971279270946979523e-02 9.822030067443847656e-01 1.058987259864807129e+00 3.560386225581169128e-02 9.992780089378356934e-01 1.328487787395715714e-02 -1.124270439147949219e+00 -9.817560315132141113e-01 3.248888254165649414e-02 1.873476803302764893e-01 8.963828277587890625e+01
1.693834215402603149e-01 -1.947044953703880310e-02 9.853569865226745605e-01 1.507591247558593750e+00 3.590888157486915588e-02 9.992632865905761719e-01 1.357246655970811844e-02 -1.125123739242553711e+00 -9.848956465721130371e-01 3.308413177728652954e-02 1.699580699205398560e-01 8.970448303222656250e+01
1.532138139009475708e-01 -1.924522966146469116e-02 9.880047440528869629e-01 1.987824678421020508e+00 3.619214892387390137e-02 9.992492198944091797e-01 1.385178789496421814e-02 -1.125936150550842285e+00 -9.875299334526062012e-01 3.363574668765068054e-02 1.537955701351165771e-01 8.976933288574218750e+01
1.389356702566146851e-01 -1.902630738914012909e-02 9.901177287101745605e-01 2.467706203460693359e+00 3.644063323736190796e-02 9.992368221282958984e-01 1.408809702843427658e-02 -1.126657605171203613e+00 -9.896305799484252930e-01 3.412318974733352661e-02 1.395232230424880981e-01 8.982827758789062500e+01
1.260992139577865601e-01 -1.881299167871475220e-02 9.918382763862609863e-01 2.947605133056640625e+00 3.666280582547187805e-02 9.992257952690124512e-01 1.429191138595342636e-02 -1.127297639846801758e+00 -9.913398027420043945e-01 3.456138819456100464e-02 1.266915798187255859e-01 8.988175964355468750e+01
1.139004752039909363e-01 -1.860258728265762329e-02 9.933170676231384277e-01 3.432413101196289062e+00 3.687269985675811768e-02 9.992153048515319824e-01 1.448496244847774506e-02 -1.127858757972717285e+00 -9.928076267242431641e-01 3.497644886374473572e-02 1.144972816109657288e-01 8.993027496337890625e+01
